90
90
90
89.9975487298923
89.9950965957486
89.9926444616049
89.9763794201016
89.9600997617651
89.9438201034286
89.8927559849855
89.8416304749785
89.7905049649714
89.6770954449372
89.5635319199328
89.4499683949285
89.2438594810219
89.037456149123
88.8310528172241
88.5028572645763
88.1741878122369
87.8455183598974
87.3700780234779
86.8939622812201
86.4178465389623
85.7766635103879
85.1346033974016
84.4925432844154
83.6752651647599
82.8569311407749
82.0385971167899
81.0435924011661
80.0473969288409
79.0512014565157
77.8853507962994
76.718235400923
75.5511200055466
74.2289907098521
72.9055948707447
71.5821990316372
70.1247803597021
68.6661705854489
67.2075608111956
65.6407297378783
64.0728591857012
62.5049886335241
60.857858200446
59.2099094916306
57.5619607828152
55.8652404278056
54.1679814475619
52.4707224673181
50.755194263825
49.0394511282936
47.3237079927622
45.6188960405453
43.9142205818768
42.2095451232083
40.542628697403
38.8762110521105
37.2097934068179
35.6047891903888
34.0006406808999
32.396492171411
30.8737082552118
29.3521170270086
