180
180
180
179.556241403411
178.921917389551
178.287593375691
177.592793007829
176.34593547271
175.099077937591
173.852220402472
172.321524234067
170.504578913197
168.687633592328
166.870688271458
164.596986864647
162.270860236565
159.944733608483
157.490377897534
154.731329383684
151.972280869834
149.213232355984
146.214200690139
143.110025904191
140.005851118242
136.878043600138
133.523795384452
130.169547168765
126.815298953078
123.385899057229
119.879416388793
116.372933720357
112.866451051921
109.309971334376
105.747489129524
102.185006924672
98.6326203286567
95.1047161323494
91.5768119360421
88.0489077397348
84.6011754514375
81.1892740464693
77.7773726415011
74.3822180355244
71.1558256685656
67.9294333016069
64.7030409346481
61.5946857420598
58.609466521871
55.6242473016822
52.6390280814933
49.9043560830626
47.2010993560729
44.4978426290831
41.883128932596
39.4875933917028
37.0920578508095
34.6965223099162
32.5201729749664
30.4437358502358
28.3672987255051
26.3181752752424
24.5591673402735
22.8001594053045
21.0411514703355
19.4299261419824
