88.8961905303785
88.8961905297627
88.9166637331327
88.9566778553504
89.0148714817098
89.0892645918579
89.1773155926784
89.2759916577785
89.3818481075558
89.4911118554633
89.5997634759531
89.7036122729456
89.7983588967864
89.8796406147112
89.9430553098001
89.9841616643986
89.9984547390889
89.9813182081925
89.9279567327483
89.8333141740694
89.6919853743295
89.4981308384545
89.2454046363824
88.9269060367551
88.535164678845
88.0621674741507
87.4994329877188
86.8381359633693
86.0692811856652
85.1839223197771
84.1734180508875
83.0297150389519
81.7456451312506
80.3152230703387
78.7339306457633
76.9989738283989
75.1095007932509
73.0667707299125
70.8742657838477
68.5377411840455
66.0652114193907
63.4668730718014
60.7549674675023
57.9428084742794
55.0463020473727
52.0838813502081
49.0736586793713
46.0344194764791
42.9852883718524
39.9453981084323
36.9335705308252
33.9680177583852
31.0660703582273
28.2439378693943
25.5165054812093
22.8971691145357
20.3977096670597
18.0282058275898
15.79698369317
13.7106004762499
11.7738588915698
9.9898483727058
8.3600090814871
6.88421472621446
5.56087048680374
4.38702288321713
3.35847938655164
2.4699376840681
1.715131082167
1.08702711413577
0.578361802788099
0.191231909056867
0.17201142860966
0.337286233481757
0.461761973564305
0.515424402134654
0.507347354257941
0.44733873052615
0.34571142954405
0.21550483205355
0.103643193110728
0.181456087904344
0.354355422044964
0.543123734374662
0.730335038816526
0.908575593081172
1.07216287580563
1.21690107665527
1.33931963975183
1.43675876729759
1.50733585895163
1.54991353825433
1.56406332941188
1.55002326088367
1.50864924305853
1.44136077788609
1.35008199572387
1.23717946351914
1.10539899228262
0.957805584748468
0.797736436756044
0.628798386294915
0.455047944566325
0.282361745505782
0.139076269258792
0.130819999750453
0.259974624581713
0.408880505290017
0.5482296094252
0.673170208301335
0.781105867599621
0.870197111775583
0.939116354670266
0.986987006071549
1.01336201906278
1.01821020671673
1.00190136197756
0.965187335421421
0.909178269082709
0.835314017418646
0.745331239476874
0.641227083335353
0.525221299451914
0.399721960950254
0.26731858578696
0.131025103445592
0
0
0
