180
180
179.807432908032
179.486374626393
178.910908569596
178.271588247095
177.319891936554
176.307422625187
175.050930623665
173.677538852418
172.127400589187
170.409679408754
168.579149494173
166.537448435152
164.442044610943
162.100131389201
159.712677736743
157.142104254646
154.48961483593
151.712174092643
148.82483441887
145.862863345018
142.772763140965
139.649651204085
136.390280595113
133.108358591844
129.735920634537
126.329015341504
122.869067723445
119.371873404133
115.849162374273
112.296017388802
108.734929230165
105.159338958601
101.585234613622
98.0178308316378
94.4622245566947
90.9249352961918
87.4175966328284
83.9309567554038
80.4994621909127
77.0825462723695
73.7519905962397
70.4418269290937
67.2150269650947
64.0337532140035
60.9237948056497
57.8897705966153
54.9086850848458
52.0372310151686
49.1951314913637
46.4984950742633
43.8324123950865
41.2909457859571
38.8106631388587
36.427079857829
34.1377368025353
31.9146707227054
29.8186134624287
27.7569963792361
25.8539555194612
23.9826069099955
22.2404254886162
20.5580509711926
18.9710459928799
17.4720877412281
16.0355927076591
14.7127042400428
13.4210108925304
12.2653328509465
11.1358918704511
10.1132865025925
9.13781901641991
8.23819333988793
7.40539585867836
6.62042283498461
5.91842456998343
5.23949602308403
4.65611052682062
4.09054922390208
3.5974320749886
3.13475078437533
2.72147923155725
2.3496575053681
2.00775751423726
1.71516579066811
1.43645412399318
1.21200335441681
0.997278475431055
0.821929276508139
0.662155250555694
0.527893931248141
0.413715036927201
0.314159552543538
0.237070115322556
0.166382982767061
0.118761087465228
0.0750100000269632
0.0467819371560761
0.0240971632781377
0.0105745165242755
0.00343939887717452
0.000995964692063814
0.00473730884834944
0.0102628208781143
0.0210042902637969
0.0324324906449593
0.0464806002424006
0.0610624913542232
0.0765346204457564
0.0920345537852324
0.107555087033103
0.122308467106511
0.136837840967545
0.149677047512739
0.162084746261691
0.172650936073865
0.182283797931783
0.190345937134975
0.196917525616303
0.202375193111176
0.205854044261919
0.208748084994881
0.209297158804106
0.209403736975081
0.207699573735754
0.205290923652084
0.201685891745475
0.19717666027226
